This test was done with the following point configurations:

#4 Points
icraSim4points_rotationX.p
objectPoints_start= np.array([[ 0.13125,  0.03675, -0.09975,  0.11025],
 [ 0.02625, -0.00525,  0.01575,  0.06825],
 [ 0.,       0.,       0.,       0.,     ],
 [ 1.,       1.,       1.,       1.,     ]])
 
icraSim4points_rotationY.p
objectPoints_start= np.array([
 [ 0.02625, -0.00525,  0.01575,  0.06825],
 [ 0.13125,  0.03675,  -0.09975,  0.11025],
 [ 0.,       0.,       0.,       0.,     ],
 [ 1.,       1.,       1.,       1.,     ]])
 
 
#5 Points
icraSim5points_rotationY_2.p
objectPoints_start= np.array([[ 0.06825,  0.08925,  0.11025, -0.07875, -0.09975],
 [ 0.01575, -0.08925,  0.08925,  0.07875,  0.08925],
 [ 0.,       0.,       0.,       0.,       0.,     ],
 [ 1.,       1.,       1.,       1.,       1.,     ]])

Best simulation until now


